854 12.512502
855 12.512502
856 12.504855
857 12.509953
858 12.507404
859 12.517599
860 12.520148
861 12.522697
862 12.520148
863 12.550735
864 12.525246
865 12.535442
866 12.522697
867 12.522697
868 12.532893
869 12.537991
870 12.537991
871 12.537991
872 12.537991
873 12.576224
874 12.545637
875 12.545637
876 12.548186
877 12.545637
878 12.553284
879 12.550735
880 12.56348
881 12.555833
882 12.553284
883 12.566029
884 12.555833
885 12.576224
886 12.576224
887 12.576224
888 12.571126
889 12.576224
890 12.576224
891 12.576224
892 12.573675
893 12.58642
894 12.58642
895 12.58642
896 12.58642
897 12.583871
898 12.591518
899 12.601713
900 12.596615
901 12.604262
902 12.601713
903 12.594067
904 12.601713
905 12.611909
906 12.606811
907 12.617007
908 12.611909
909 12.622105
910 12.622105
911 12.627202
912 12.619556
913 12.627202
914 12.624653
915 12.627202
916 12.624653
917 12.622105
918 12.634849
919 12.627202
920 12.639947
921 12.639947
922 12.647594
923 12.639947
924 12.647594
925 12.647594
926 12.642496
927 12.650143
928 12.65524
929 12.657789
930 12.660338
931 12.667985
932 12.657789
933 12.657789
934 12.673083
935 12.662887
936 12.67818
937 12.675632
938 12.675632
939 12.683278
940 12.688376
941 12.67818
942 12.67818
943 12.688376
944 12.683278
945 12.688376
946 12.698572
947 12.698572
948 12.698572
949 12.701121
950 12.70367
951 12.713865
952 12.713865
953 12.711316
954 12.713865
955 12.708767
956 12.716414
957 12.713865
958 12.716414
959 12.718963
960 12.731708
961 12.729159
962 12.736805
963 12.72661
964 12.739354
965 12.736805
966 12.734256
967 12.744452
968 12.754648
969 12.74955
970 12.752099
971 12.752099
972 12.754648
973 12.757197
974 12.762294
975 12.762294
976 12.769941
977 12.767392
978 12.775039
979 12.769941
980 12.767392
981 12.775039
982 12.775039
983 12.782686
984 12.785235
985 12.790332
986 12.79543
987 12.785235
988 12.79543
989 12.79543
990 12.797979
991 12.803077
992 12.805626
993 12.797979
994 12.813273
995 12.81837
996 12.820919
997 12.810724
998 12.828566
999 12.81837
1000 12.81837
1001 12.831115
1002 12.823468
1003 12.828566
1004 12.833664
1005 12.833664
1006 12.831115
1007 12.833664
1008 12.851506
1009 12.84131
1010 12.848957
1011 12.846408
1012 12.846408
1013 12.848957
1014 12.859153
1015 12.854055
1016 12.869348
1017 12.859153
1018 12.871897
1019 12.871897
1020 12.871897
1021 12.876995
1022 12.871897
1023 12.874446
1024 12.876995
1025 12.887191
1026 12.887191
1027 12.88974
1028 12.902484
1029 12.897386
1030 12.899935
1031 12.902484
1032 12.902484
1033 12.907582
1034 12.91268
1035 12.91268
1036 12.915229
1037 12.925424
1038 12.882093
1039 12.922875
1040 12.930522
1041 12.920327
1042 12.927973
1043 12.93562
1044 12.930522
1045 12.933071
1046 12.943267
1047 12.943267
1048 12.948365
1049 12.950913
1050 12.953462
1051 12.961109
1052 12.95856
1053 12.963658
1054 12.968756
1055 12.968756
1056 12.971305
1057 12.973854
1058 12.976403
1059 12.976403
1060 12.978951
1061 12.9815
1062 12.978951
1063 12.986598
1064 12.986598
1065 12.989147
1066 12.996794
1067 12.994245
1068 13.001892
1069 13.014636
1070 13.012087
1071 13.00444
1072 13.014636
1073 13.009538
1074 13.02993
1075 13.022283
1076 13.024832
1077 13.035027
1078 13.032478
1079 13.035027
1080 12.54054
1081 12.520148
1082 12.509953
1083 12.494659
1084 12.494659
1085 12.484464
1086 12.487013
1087 12.474268
1088 12.46917
1089 12.46917
1090 12.461523
1091 12.461523
1092 12.456426
1093 12.453877
1094 12.464072
1095 12.456426
1096 12.451328
1097 12.44623
1098 12.44623
1099 12.443681
1100 12.448779
1101 12.441132
1102 12.448779
1103 12.44623
1104 12.451328
1105 12.443681
1106 12.441132
1107 12.438583
1108 12.44623
1109 12.433485
1110 12.441132
1111 12.44623
1112 12.443681
1113 12.441132
1114 12.443681
1115 12.436034
1116 12.436034
1117 12.441132
1118 12.433485
1119 12.433485
1120 12.428388
1121 12.428388
1122 12.430937
1123 12.433485
1124 12.433485
1125 12.425839
1126 12.425839
1127 12.430937
1128 12.436034
1129 12.430937
1130 12.428388
1131 12.436034
1132 12.428388
