0 9.5685148
1 9.5710637
2 9.5659659
3 10.149665
4 10.215937
5 10.261817
6 10.312795
7 10.353578
8 10.399458
9 10.424947
10 10.468279
11 10.506512
12 10.53455
13 10.565137
14 10.585528
15 10.623762
16 10.656898
17 10.677289
18 10.700229
19 10.725718
20 10.743561
21 10.779245
22 10.797088
23 10.822577
24 10.83787
25 10.858261
26 10.878653
27 10.899044
28 10.916886
29 10.937278
30 10.95512
31 10.967864
32 10.990805
33 11.003549
34 11.02394
35 11.044332
36 11.049429
37 11.067272
38 11.087663
39 11.102956
40 11.123348
41 11.138641
42 11.138641
43 11.166679
44 11.176875
45 11.18707
46 11.207462
47 11.212559
48 11.227853
49 11.243146
50 11.250793
51 11.260989
52 11.276282
53 11.286478
54 11.299222
55 11.301771
56 11.319613
57 11.332358
58 11.342554
59 11.345103
60 11.360396
61 11.365494
62 11.388434
63 11.39863
64 11.403727
65 11.411374
66 11.426668
67 11.431765
68 11.434314
69 11.449608
70 11.454705
71 11.469999
72 11.472548
73 11.480195
74 11.487841
75 11.487841
76 11.508233
77 11.51333
78 11.515879
79 11.518428
80 11.526075
81 11.520977
82 11.531173
83 11.541368
84 11.533722
85 11.543917
86 11.543917
87 11.541368
88 11.556662
89 11.543917
90 11.559211
91 11.556662
92 11.564308
93 11.564308
94 11.556662
95 11.554113
96 11.56176
97 11.564308
98 11.569406
99 11.559211
100 11.56176
101 11.566857
102 11.566857
103 11.56176
104 11.571955
105 11.569406
106 11.582151
107 11.574504
108 11.5847
109 11.5847
110 11.579602
111 11.582151
112 11.589798
113 11.589798
114 11.587249
115 11.587249
116 11.587249
117 11.594895
118 11.589798
119 11.592346
120 11.592346
121 11.594895
122 11.589798
123 11.594895
124 11.60764
125 11.610189
126 11.612738
127 11.599993
128 11.615287
129 11.60764
130 11.617835
131 11.615287
132 11.605091
133 11.60764
134 11.617835
135 11.612738
136 11.615287
137 11.622933
138 11.628031
139 11.63058
140 11.628031
141 11.622933
142 11.625482
143 11.63058
144 11.633129
145 11.628031
146 11.635678
147 11.63058
148 11.638227
149 11.643325
150 11.638227
151 11.638227
152 11.640776
153 11.645873
154 11.656069
155 11.645873
156 11.645873
157 11.65352
158 11.656069
159 11.658618
160 11.656069
161 11.656069
162 11.666265
163 11.671363
164 11.661167
165 11.663716
166 11.671363
167 11.679009
168 11.681558
169 11.679009
170 11.673911
171 11.679009
172 11.681558
173 11.679009
174 11.691754
175 11.684107
176 11.689205
177 11.6994
178 11.689205
179 11.704498
180 11.689205
181 11.6994
182 11.701949
183 11.704498
184 11.712145
185 11.707047
186 11.712145
187 11.719792
188 11.722341
189 11.717243
190 11.712145
191 11.719792
192 11.729987
193 11.72489
194 11.719792
195 11.722341
196 11.735085
197 11.735085
198 11.740183
199 11.732536
200 11.745281
201 11.740183
202 11.74783
203 11.737634
204 11.745281
205 11.74783
206 11.755476
207 11.752928
208 11.752928
209 11.755476
210 11.74783
211 11.750379
212 11.760574
213 11.752928
214 11.763123
215 11.768221
216 11.768221
217 11.773319
218 11.765672
219 11.768221
220 11.773319
221 11.775868
222 11.783514
223 11.775868
224 11.780965
225 11.778417
226 11.786063
227 11.780965
228 11.788612
229 11.791161
230 11.79371
231 11.798808
232 11.791161
233 11.796259
234 11.798808
235 11.801357
236 11.801357
237 11.798808
238 11.803906
239 11.809003
240 11.809003
241 11.811552
242 11.806455
243 11.819199
244 11.821748
245 11.81665
246 11.819199
247 11.821748
248 11.821748
249 11.831944
250 11.819199
251 11.819199
252 11.831944
253 11.831944
254 11.831944
255 11.837041
256 11.834493
257 11.837041
258 11.837041
259 11.842139
260 11.842139
261 11.834493
262 11.849786
263 11.83959
264 11.847237
265 11.842139
266 11.854884
267 11.847237
268 11.847237
269 11.852335
270 11.847237
271 11.854884
272 11.86253
273 11.86253
274 11.852335
275 11.857433
276 11.854884
277 11.867628
278 11.870177
279 11.859982
280 11.872726
281 11.865079
282 11.86253
283 11.875275
284 11.877824
285 11.870177
286 11.872726
287 11.880373
288 11.872726
289 11.870177
290 11.877824
291 11.882922
292 11.877824
293 11.875275
294 11.875275
295 11.880373
296 11.885471
297 11.882922
298 11.882922
299 11.882922
300 11.931351
301 11.923704
302 11.918606
303 11.918606
304 11.918606
305 11.921155
306 11.918606
307 11.921155
308 11.913509
309 11.921155
310 11.926253
311 11.921155
312 11.921155
313 11.921155
314 11.928802
315 11.923704
316 11.918606
317 11.918606
318 11.921155
319 11.926253
320 11.928802
321 11.926253
322 11.926253
323 11.931351
324 11.928802
325 11.928802
326 11.923704
327 11.9339
328 11.928802
329 11.931351
330 11.928802
331 11.923704
332 11.931351
333 11.936449
334 11.9339
335 11.931351
336 11.938998
337 11.923704
338 11.9339
339 11.926253
340 11.936449
341 11.9339
342 11.931351
343 11.9339
344 11.944095
345 11.936449
346 11.938998
347 11.931351
348 11.936449
349 11.936449
350 11.9339
351 11.931351
352 11.936449
353 11.938998
354 11.938998
355 11.931351
356 11.946644
357 11.938998
358 11.936449
359 11.946644
360 11.941547
361 11.938998
362 11.949193
363 11.946644
364 11.941547
365 11.938998
366 11.936449
367 11.949193
368 11.941547
369 11.951742
370 11.938998
371 11.946644
372 11.938998
373 11.938998
374 11.938998
375 11.949193
376 11.954291
377 11.954291
378 11.954291
379 11.954291
380 11.944095
381 11.951742
382 11.95684
383 11.951742
384 11.95684
385 11.954291
386 11.951742
387 11.951742
388 11.954291
389 11.959389
390 11.961938
391 11.961938
392 11.964487
393 11.95684
394 11.964487
395 11.951742
396 11.964487
397 11.964487
398 11.959389
399 11.959389
400 11.961938
401 11.959389
402 11.967036
403 11.95684
404 11.969585
405 11.964487
406 11.969585
407 11.964487
408 11.972133
409 11.964487
410 11.964487
411 11.967036
412 11.967036
413 11.964487
414 11.967036
415 11.967036
416 11.969585
417 11.964487
418 11.969585
419 11.964487
420 11.974682
421 11.969585
422 11.972133
423 11.972133
424 11.972133
425 11.974682
426 11.97978
427 11.969585
428 11.982329
429 11.974682
430 11.969585
431 11.977231
432 11.974682
433 11.982329
434 11.977231
435 11.977231
436 11.984878
437 11.974682
438 12.010367
439 12.005269
440 11.992525
441 12.000171
442 11.997623
443 11.995074
444 11.995074
445 12.00272
446 12.000171
447 11.995074
448 11.995074
449 12.00272
450 12.005269
451 12.010367
452 11.997623
453 12.012916
454 12.010367
455 12.00272
456 12.012916
457 12.012916
458 12.015465
459 12.010367
460 12.012916
461 12.005269
462 12.018014
463 12.010367
464 12.015465
465 12.020563
466 12.012916
467 12.020563
468 12.020563
469 12.015465
470 12.015465
471 12.018014
472 12.020563
473 12.02566
474 12.018014
475 12.02566
476 12.020563
477 12.023112
478 12.015465
479 12.023112
480 12.018014
481 12.02566
482 12.02566
483 12.033307
484 12.035856
485 12.028209
486 12.033307
487 12.030758
488 12.02566
489 12.023112
490 12.02566
491 12.033307
492 12.033307
493 12.035856
494 12.030758
495 12.035856
496 12.035856
497 12.046052
498 12.033307
499 12.038405
500 12.038405
501 12.048601
502 12.035856
503 12.043503
504 12.043503
505 12.038405
506 12.05115
507 12.046052
508 12.043503
509 12.043503
510 12.043503
511 12.056247
512 12.056247
513 12.053698
514 12.048601
515 12.056247
516 12.056247
517 12.056247
518 12.058796
519 12.058796
520 12.056247
521 12.063894
522 12.068992
523 12.071541
524 12.07409
525 12.068992
526 12.076639
527 12.068992
528 12.066443
529 12.071541
530 12.07409
531 12.066443
532 12.076639
533 12.076639
534 12.076639
535 12.076639
536 12.076639
537 12.079188
538 12.076639
539 12.091932
540 12.084285
541 12.079188
542 12.091932
543 12.094481
544 12.089383
545 12.09703
546 12.091932
547 12.094481
548 12.09703
549 12.102128
550 12.09703
551 12.094481
552 12.104677
553 12.104677
554 12.104677
555 12.094481
556 12.104677
557 12.112323
558 12.107225
559 12.102128
560 12.109774
561 12.114872
562 12.112323
563 12.112323
564 12.109774
565 12.112323
566 12.125068
567 12.125068
568 12.112323
569 12.11997
570 12.11997
571 12.117421
572 12.117421
573 12.125068
574 12.127617
575 12.127617
576 12.135263
577 12.135263
578 12.132715
579 12.127617
580 12.135263
581 12.14291
582 12.14291
583 12.145459
584 12.140361
585 12.14291
586 12.145459
587 12.145459
588 12.148008
589 12.155655
590 12.155655
591 12.153106
592 12.150557
593 12.153106
594 12.148008
595 12.150557
596 12.16585
597 12.16585
598 12.158204
599 12.160753
600 12.170948
601 12.16585
602 12.170948
603 12.168399
604 12.168399
605 12.173497
606 12.176046
607 12.173497
608 12.183693
609 12.168399
610 12.178595
611 12.176046
612 12.186242
613 12.176046
614 12.18879
615 12.191339
616 12.178595
617 12.18879
618 12.193888
619 12.181144
620 12.193888
621 12.18879
622 12.193888
623 12.198986
624 12.18879
625 12.196437
626 12.193888
627 12.181144
628 12.193888
629 12.186242
630 12.186242
631 12.186242
632 12.183693
633 12.198986
634 12.191339
635 12.198986
636 12.18879
637 12.201535
638 12.196437
639 12.201535
640 12.209182
641 12.196437
642 12.196437
643 12.198986
644 12.206633
645 12.198986
646 12.21428
647 12.211731
648 12.206633
649 12.219377
650 12.206633
651 12.21428
652 12.221926
653 12.224475
654 12.21428
655 12.221926
656 12.221926
657 12.227024
658 12.232122
659 12.227024
660 12.234671
661 12.229573
662 12.23722
663 12.227024
664 12.239769
665 12.227024
666 12.23722
667 12.232122
668 12.234671
669 12.239769
670 12.244866
671 12.247415
672 12.242318
673 12.255062
674 12.224475
675 12.219377
676 12.227024
677 12.229573
678 12.219377
679 12.219377
680 12.234671
681 12.224475
682 12.229573
683 12.234671
684 12.234671
685 12.234671
686 12.239769
687 12.239769
688 12.234671
689 12.239769
690 12.242318
691 12.244866
692 12.239769
693 12.252513
694 12.249964
695 12.244866
696 12.255062
697 12.26016
698 12.255062
699 12.26016
700 12.257611
701 12.265258
702 12.252513
703 12.267807
704 12.262709
705 12.265258
706 12.26016
707 12.265258
708 12.265258
709 12.2831
710 12.280551
711 12.2831
712 12.278002
713 12.272904
714 12.288198
715 12.2831
716 12.2831
717 12.285649
718 12.285649
719 12.288198
720 12.2831
721 12.285649
722 12.288198
723 12.288198
724 12.298393
725 12.298393
726 12.303491
727 12.30604
728 12.293296
729 12.303491
730 12.308589
731 12.30604
732 12.300942
733 12.308589
734 12.308589
735 12.318785
736 12.30604
737 12.316236
738 12.323883
739 12.316236
740 12.318785
741 12.321334
742 12.321334
743 12.321334
744 12.318785
745 12.321334
746 12.334078
747 12.32898
748 12.331529
749 12.326431
750 12.32898
751 12.336627
752 12.334078
753 12.339176
754 12.346823
755 12.341725
756 12.339176
757 12.346823
758 12.349372
759 12.349372
760 12.344274
761 12.346823
762 12.349372
763 12.357018
764 12.362116
765 12.357018
766 12.364665
767 12.359567
768 12.359567
769 12.372312
770 12.367214
771 12.362116
772 12.372312
773 12.372312
774 12.364665
775 12.367214
776 12.382507
777 12.372312
778 12.37741
779 12.382507
780 12.382507
781 12.385056
782 12.390154
783 12.397801
784 12.392703
785 12.397801
786 12.395252
787 12.387605
788 12.395252
789 12.392703
790 12.407996
791 12.402899
792 12.402899
793 12.40035
794 12.415643
795 12.402899
796 12.410545
797 12.418192
798 12.407996
799 12.415643
800 12.413094
801 12.410545
802 12.42329
803 12.428388
804 12.418192
805 12.425839
806 12.428388
807 12.428388
808 12.430937
809 12.441132
810 12.436034
811 12.436034
812 12.438583
813 12.436034
814 12.438583
815 12.448779
816 12.44623
817 12.453877
818 12.448779
819 12.451328
820 12.461523
821 12.461523
822 12.458975
823 12.458975
824 12.458975
825 12.461523
826 12.46917
827 12.464072
828 12.471719
829 12.464072
830 12.476817
831 12.46917
832 12.481915
833 12.481915
834 12.479366
835 12.479366
836 12.487013
837 12.484464
838 12.481915
839 12.481915
840 12.489561
841 12.487013
842 12.494659
843 12.497208
844 12.497208
845 12.504855
846 12.499757
847 12.502306
848 12.504855
849 12.51505
